// with W Kalenji 300:
85 
00 56                                            // Size without header nor checksum
47 48 2d 36 37 35 00 00 00 00 00 00 00 00 00 00 00 00 00 00 00 00 01 00 bd 07 01 01 12 37 00 00 47 48 2d 36 37 35 00 00 00 00 00 00 00 00 4b b7 c0 07 04 0a 32 c1 01 01 01 01 04 01 01 00 04 04 04 04 04 02 05 0e 00 01 08 0a 00 0c 0f 19 14 03 0e 06 09 00 00 00 
08

// with CW Kalenji 700:
85 
00 56                                            // Size without header nor checksum
47 48 2d 36 37 35 00 00 00 00 00 00 00 00 00 00 00 00 00 00 00 00 01 00 bd 07 01 01 13 30 00 00 47 48 2d 36 37 35 00 00 00 00 00 00 00 00 4b bb c0 07 04 0a 28 be 01 01 01 01 04 01 01 00 04 04 04 03 04 02 05 0e 23 02 05 0f 24 03 19 25 27 00 01 08 0a 00 00 00 
7b

